30 20

Wa 0 Wa 0 Wa 0 Wa 0 Wa 0 Wa 0 Wa 0 Wa 0 Wa 0 Wa 0 Wa 0 Wa 0 Wa 0 Wa 0 Wa 0 Wa 0 Wa 0 Wa 0 Wa 0 Wa 0 Wa 0 Wa 0 Wa 0 Wa 0 Wa 0 Wa 0 Wa 0 Wa 0 Wa 0 Wa 0 
Wa 0 00 0 00 0 00 0 Wa 0 00 0 00 0 00 0 00 0 00 0 00 0 00 0 00 0 00 0 00 0 00 0 00 0 00 0 00 0 00 0 00 0 00 0 00 0 00 0 00 0 Wa 0 00 0 00 0 00 0 Wa 0
Wa 0 00 0 00 0 00 0 00 0 00 0 00 0 00 0 00 0 00 0 Ra 1 00 0 00 0 00 0 00 0 00 0 00 0 00 0 Ra 1 00 0 00 0 00 0 00 0 00 0 00 0 00 0 00 0 Go 1 00 0 Wa 0
Wa 0 00 0 00 0 00 0 Wa 0 00 0 00 0 00 0 00 0 00 0 00 0 00 0 00 0 00 0 00 0 00 0 00 0 00 0 00 0 00 0 00 0 00 0 00 0 00 0 00 0 Wa 0 00 0 00 0 00 0 Wa 0
Wa 0 00 0 00 0 00 0 Wa 0 Wa 0 Wa 0 Wa 0 Wa 0 00 0 00 0 00 0 Wa 0 Wa 0 00 0 Wa 0 Wa 0 Wa 0 Wa 0 Wa 0 00 0 Wa 0 Wa 0 Wa 0 Wa 0 Wa 0 Wa 0 00 0 Wa 0 Wa 0
Wa 0 00 0 Ra 2 00 0 Wa 0 00 0 00 0 00 0 Wa 0 00 0 00 0 00 0 Wa 0 00 0 00 0 00 0 00 0 Wa 0 00 0 00 0 00 0 00 0 00 0 00 0 00 0 Wa 0 00 0 00 0 00 0 Wa 0
Wa 0 00 0 00 0 00 0 Wa 0 00 0 Or 3 00 0 Wa 0 00 0 00 0 00 0 Wa 0 00 0 00 0 00 0 00 0 Wa 0 00 0 00 0 00 0 00 0 00 0 00 0 00 0 Wa 0 00 0 00 0 00 0 Wa 0
Wa 0 00 0 Ra 2 00 0 00 0 00 0 00 0 00 0 Wa 0 00 0 00 0 00 0 Wa 0 00 0 Go 2 00 0 00 0 Wa 0 00 0 00 0 00 0 Ra 1 00 0 Ra 1 00 0 00 0 00 0 00 0 00 0 Wa 0
Wa 0 00 0 00 0 00 0 Wa 0 00 0 Or 3 00 0 Wa 0 00 0 00 0 00 0 Wa 0 00 0 00 0 Go 2 00 0 Wa 0 00 0 00 0 00 0 00 0 00 0 00 0 00 0 Wa 0 00 0 00 0 00 0 Wa 0
Wa 0 00 0 00 0 00 0 Wa 0 00 0 00 0 00 0 Wa 0 00 0 00 0 00 0 Wa 0 00 0 00 0 00 0 00 0 Wa 0 00 0 00 0 00 0 00 0 00 0 00 0 00 0 Wa 0 00 0 00 0 00 0 Wa 0
Wa 0 Wa 0 00 0 Wa 0 Wa 0 Wa 0 Wa 0 Wa 0 Wa 0 00 0 00 0 00 0 Wa 0 Wa 0 Wa 0 Wa 0 Wa 0 Wa 0 Wa 0 00 0 Wa 0 Wa 0 Wa 0 Wa 0 Wa 0 Wa 0 00 0 00 0 00 0 Wa 0
Wa 0 00 0 00 0 00 0 00 0 00 0 00 0 00 0 00 0 00 0 00 0 00 0 00 0 00 0 00 0 00 0 00 0 00 0 00 0 00 0 00 0 00 0 00 0 00 0 00 0 Wa 0 00 0 00 0 00 0 Wa 0
Wa 0 00 0 00 0 00 0 00 0 00 0 Go 0 00 0 00 0 00 0 00 0 00 0 00 0 00 0 00 0 00 0 00 0 Or 0 00 0 00 0 00 0 00 0 00 0 00 0 00 0 00 0 00 0 00 0 00 0 Wa 0
Wa 0 00 0 00 0 00 0 00 0 00 0 00 0 00 0 00 0 00 0 00 0 00 0 00 0 00 0 00 0 00 0 00 0 00 0 00 0 00 0 00 0 00 0 00 0 00 0 00 0 Wa 0 00 0 00 0 00 0 Wa 0
Wa 0 Wa 0 Wa 0 Wa 0 00 0 Wa 0 Wa 0 Wa 0 Wa 0 Wa 0 Wa 0 Wa 0 Wa 0 Wa 0 Wa 0 Wa 0 00 0 Wa 0 Wa 0 Wa 0 00 0 Wa 0 Wa 0 Wa 0 Wa 0 Wa 0 00 0 00 0 00 0 Wa 0
Wa 0 00 0 00 0 00 0 00 0 00 0 00 0 00 0 Wa 0 00 0 00 0 00 0 00 0 00 0 00 0 00 0 00 0 00 0 00 0 Wa 0 00 0 Wa 0 00 0 00 0 00 0 Wa 0 Wa 0 00 0 Wa 0 Wa 0
Wa 0 00 0 00 0 00 0 00 0 00 0 00 0 00 0 Wa 0 00 0 00 0 00 0 00 0 00 0 00 0 00 0 00 0 00 0 00 0 00 0 00 0 Wa 0 00 0 00 0 00 0 Wa 0 00 0 00 0 00 0 Wa 0
Wa 0 00 0 Go 3 00 0 Go 3 00 0 Go 3 00 0 Wa 0 00 0 00 0 Ra 2 00 0 Ra 1 00 0 Or 1 00 0 00 0 00 0 Wa 0 00 0 00 0 00 0 Go 1 00 0 Wa 0 00 0 Pl 0 00 0 Wa 0
Wa 0 00 0 00 0 00 0 00 0 00 0 00 0 00 0 Wa 0 00 0 00 0 00 0 00 0 00 0 00 0 00 0 00 0 00 0 00 0 Wa 0 00 0 Wa 0 00 0 00 0 00 0 Wa 0 00 0 00 0 00 0 Wa 0
Wa 0 Wa 0 Wa 0 Wa 0 Wa 0 Wa 0 Wa 0 Wa 0 Wa 0 Wa 0 Wa 0 Wa 0 Wa 0 Wa 0 Wa 0 Wa 0 Wa 0 Wa 0 Wa 0 Wa 0 Wa 0 Wa 0 Wa 0 Wa 0 Wa 0 Wa 0 Wa 0 Wa 0 Wa 0 Wa 0